10
8 5 5 8 6 9 8 2 4 7
8
9 8 1 1 1 5 10 8
---
10
8 2 4 7 8 5 5 8 6 9
13
9 8 1 1 1 5 10 8 2 7 4 3 15
---
50
39 82 14 63 46 7 63 44 2 50 91 17 75 28 78 9 45 66 77 82 90 68 48 19 64 63 12 77 75 84 10 86 39 62 34 18 22 95 43 58 89 61 64 11 91 2 23 31 12 49
46
22 72 2 39 82 69 61 95 90 53 80 96 13 63 49 55 21 41 8 99 16 4 24 96 69 91 55 13 58 97 72 69 6 84 73 5 43 52 41 7 22 70 21 74 64 26
---
59
55 77 61 99 28 98 17 80 63 86 5 19 76 97 58 6 97 53 90 29 40 37 7 39 17 64 75 92 78 31 8 81 56 14 59 1 79 22 21 56 64 11 83 75 8 22 63 2 44 15 76 78 4 29 11 52 97 28 8
44
44 38 13 11 53 58 46 50 86 6 53 48 80 11 69 6 5 83 92 14 94 78 41 1 2 4 43 12 13 38 43 54 3 86 45 93 48 82 24 58 39 100 7 72
---
1
4
8
1 4 7 10 2 2 7 8